327
7 2 8 12 15 29 31 85 
7 2 8 15 24 29 77 85 
7 2 8 15 24 29 83 85 
7 2 8 15 23 29 31 77 
7 2 8 15 23 29 31 83 
7 2 8 15 23 29 31 85 
7 2 8 12 15 24 31 85 
7 2 8 12 15 24 31 83 
7 2 8 12 15 24 31 77 
7 2 8 15 24 77 83 85 
7 2 8 12 15 21 77 83 
7 2 8 12 15 29 31 83 
7 2 8 12 15 29 31 77 
7 2 8 12 15 24 29 85 
7 2 8 12 15 24 29 83 
7 2 8 12 15 24 29 77 
7 2 8 12 15 24 29 31 
7 2 8 15 21 29 31 77 
7 2 8 15 21 29 31 83 
7 2 8 15 21 29 31 85 
7 2 8 15 23 77 83 85 
7 2 8 15 23 24 31 83 
7 2 8 15 23 24 31 77 
7 2 8 15 23 24 29 85 
7 2 8 15 23 24 29 83 
7 2 8 15 23 24 29 77 
7 2 8 12 15 23 31 77 
7 2 8 12 15 23 31 83 
7 2 8 12 15 23 31 85 
7 2 8 15 23 24 29 31 
7 2 8 12 15 31 77 83 
7 2 8 15 21 24 77 83 
7 2 8 15 21 24 77 85 
7 2 8 15 29 31 83 85 
7 2 8 15 29 31 77 85 
7 2 8 15 29 31 77 83 
7 2 8 15 24 29 77 83 
7 2 8 12 15 21 83 85 
7 2 8 12 15 77 83 85 
7 2 8 12 15 21 77 85 
7 2 8 12 15 21 23 85 
7 2 8 15 23 29 77 85 
7 2 8 15 23 29 83 85 
7 2 8 12 15 21 29 85 
7 2 8 15 23 31 83 85 
7 2 8 12 15 21 29 83 
7 2 8 15 23 31 77 85 
7 2 8 12 15 21 29 77 
7 2 8 15 23 31 77 83 
7 2 8 12 15 23 77 83 
7 21 23 24 31 77 83 85 
7 12 24 29 31 77 83 85 
7 12 23 24 31 77 83 85 
7 12 23 24 29 77 83 85 
7 12 23 24 29 31 83 85 
7 12 23 24 29 31 77 85 
7 12 23 24 29 31 77 83 
7 12 23 29 31 77 83 85 
7 21 23 24 29 77 83 85 
7 21 23 24 29 31 77 85 
7 21 23 24 29 31 77 83 
7 21 23 24 29 31 83 85 
7 12 21 29 31 77 83 85 
7 23 24 29 31 77 83 85 
7 21 23 29 31 77 83 85 
7 12 21 23 29 31 77 83 
7 12 21 23 24 77 83 85 
7 12 21 23 29 77 83 85 
7 12 21 23 31 77 83 85 
7 12 21 23 29 31 77 85 
7 12 21 23 29 31 83 85 
7 12 21 23 24 29 31 77 
7 12 21 23 24 29 31 83 
7 12 21 23 24 29 31 85 
7 12 21 23 24 29 83 85 
7 12 21 23 24 29 77 83 
7 12 21 23 24 31 77 85 
7 12 21 23 24 31 83 85 
7 12 21 23 24 31 77 83 
7 12 21 24 31 77 83 85 
7 12 21 23 24 25 83 85 
7 12 21 23 24 25 77 85 
7 12 16 23 24 77 83 85 
7 12 16 21 24 25 82 85 
7 16 21 24 25 26 47 82 
7 16 21 24 25 35 47 82 
7 3 16 21 24 25 26 82 
7 3 16 21 24 25 35 82 
7 16 21 24 25 26 35 82 
7 16 21 25 26 35 47 82 
7 3 16 21 25 35 47 82 
7 3 16 21 25 26 35 82 
7 3 16 21 25 26 47 82 
7 16 21 25 26 47 68 82 
7 16 21 25 26 47 70 82 
7 3 16 21 25 26 70 82 
7 3 16 21 25 26 68 82 
7 3 16 25 26 35 47 82 
7 16 25 26 35 47 70 82 
7 16 25 26 35 47 68 82 
7 3 16 25 26 47 70 82 
7 3 16 25 26 47 68 82 
7 3 16 25 26 35 70 82 
7 3 16 25 26 35 68 82 
7 3 16 25 35 47 70 82 
7 3 16 25 35 47 68 82 
7 16 25 26 35 39 47 82 
7 3 16 25 26 39 47 82 
7 3 16 25 26 35 39 82 
7 3 16 25 35 39 47 82 
7 3 16 25 26 68 70 82 
7 3 16 25 35 68 70 82 
7 3 16 22 25 26 47 82 
7 16 22 25 26 35 47 82 
7 16 25 35 47 68 70 82 
7 3 16 22 25 26 35 82 
7 3 16 22 25 35 47 82 
7 3 16 25 26 35 47 68 
7 3 16 25 26 35 47 70 
7 3 16 25 47 68 70 82 
7 16 25 26 35 68 70 82 
7 16 25 26 47 68 70 82 
7 3 16 25 26 35 39 47 
7 16 25 26 27 35 47 82 
7 3 16 25 35 39 70 82 
7 3 16 25 35 39 68 82 
7 16 25 35 39 47 70 82 
7 16 25 35 39 47 68 82 
7 16 25 26 39 47 68 82 
7 16 25 26 39 47 70 82 
7 3 16 25 26 39 68 82 
7 3 16 26 35 47 70 82 
7 3 26 35 47 68 70 82 
7 3 26 35 39 47 70 82 
7 3 26 35 39 47 68 82 
7 3 22 26 35 47 70 82 
7 3 26 35 39 47 68 70 
7 3 22 26 35 47 68 70 
7 3 26 27 35 47 68 70 
7 3 22 26 35 39 47 70 
7 3 22 26 35 39 47 68 
7 3 26 27 35 39 47 70 
7 3 26 27 35 39 47 68 
7 3 26 35 40 47 68 70 
7 3 26 32 35 47 68 70 
7 3 26 35 39 40 47 70 
7 3 26 35 39 40 47 68 
7 3 26 32 35 39 47 70 
7 3 22 35 39 47 68 70 
7 3 27 35 39 47 68 70 
7 3 22 27 35 39 68 70 
3 33 57 58 
2 33 58 
7 3 22 27 32 39 68 70 
3 11 13 76 
7 22 27 32 39 40 68 70 
4 10 28 34 37 
2 7 71 
4 10 28 37 86 
7 22 27 32 39 68 70 72 
7 22 27 39 40 50 68 70 
7 22 27 32 39 68 70 73 
7 22 27 32 39 68 70 74 
7 22 27 32 39 50 68 70 
7 22 27 39 40 68 70 72 
7 22 27 39 40 68 70 74 
7 22 27 39 40 68 70 73 
7 22 27 32 39 68 70 75 
7 22 27 39 40 68 70 75 
7 22 27 39 40 49 68 70 
7 22 27 32 39 49 68 70 
7 22 27 39 40 60 68 70 
7 22 27 32 39 60 68 70 
7 22 32 39 40 68 70 75 
7 22 32 39 40 60 68 70 
4 10 28 34 86 
4 28 34 37 86 
4 10 34 37 86 
4 10 28 36 37 
4 14 42 48 81 
7 22 27 32 39 40 50 68 
7 22 27 32 39 40 49 68 
3 30 38 78 
3 14 42 81 
4 28 34 36 37 
4 28 36 37 86 
4 10 28 34 36 
4 10 28 36 86 
4 10 34 36 37 
4 10 36 37 86 
1 65 
4 34 36 37 86 
4 10 34 36 86 
4 28 34 36 86 
3 28 37 86 
3 10 37 86 
3 10 28 86 
7 22 27 32 39 40 60 74 
7 22 27 32 39 40 72 73 
7 22 27 32 39 40 49 74 
7 22 27 32 39 40 49 75 
7 22 27 32 39 40 74 75 
2 13 76 
3 66 67 79 
2 67 79 
3 34 37 86 
2 4 17 
1 5 
3 10 34 86 
2 38 78 
3 28 34 86 
3 14 48 81 
2 30 78 
7 22 27 32 40 50 74 75 
7 22 27 32 40 50 60 73 
7 22 27 32 40 60 73 75 
7 22 27 32 40 50 60 74 
7 22 27 32 40 50 60 75 
7 22 27 32 40 50 72 73 
7 22 27 32 40 50 72 74 
7 22 27 32 40 50 72 75 
7 22 27 32 40 50 73 74 
7 22 27 32 40 50 73 75 
7 22 27 32 40 50 60 72 
7 22 27 32 40 72 74 75 
7 22 27 32 40 60 72 73 
7 22 27 32 40 73 74 75 
7 22 27 32 40 60 72 74 
2 14 81 
3 10 36 86 
3 36 37 86 
3 28 36 86 
1 9 
2 6 19 
7 27 32 40 50 60 73 74 
7 27 32 40 49 60 73 75 
7 27 32 40 49 72 73 75 
7 27 32 40 49 72 73 74 
7 27 32 40 50 60 74 75 
7 27 32 40 49 50 60 75 
3 34 36 86 
2 37 86 
2 28 86 
2 10 86 
2 11 76 
7 32 40 60 72 73 74 75 
7 32 40 50 60 72 74 75 
7 32 40 50 72 73 74 75 
7 32 40 49 50 72 73 74 
7 32 40 49 50 72 73 75 
7 32 40 50 60 72 73 74 
7 32 40 49 50 60 74 75 
7 32 40 49 50 60 73 75 
7 32 40 49 50 72 74 75 
4 62 63 73 75 
1 53 
2 34 86 
1 78 
3 42 48 81 
7 49 50 60 72 73 74 75 
2 44 45 
2 55 56 
2 66 79 
2 51 52 
2 57 58 
2 42 81 
2 36 86 
1 80 
1 58 
1 56 
1 79 
1 64 
1 84 
1 46 
1 45 
1 41 
1 17 
1 19 
1 52 
1 69 
2 18 61 
1 86 
1 20 
1 71 
4 49 72 73 74 
4 60 72 73 74 
4 49 72 73 75 
4 49 72 74 75 
4 49 73 74 75 
4 50 60 72 73 
4 50 60 72 74 
4 50 60 72 75 
4 50 60 73 74 
4 60 73 74 75 
4 50 60 73 75 
4 50 60 74 75 
4 50 72 73 74 
4 50 72 73 75 
4 50 72 74 75 
4 50 73 74 75 
4 60 72 74 75 
4 60 72 73 75 
4 49 60 73 75 
4 72 73 74 75 
4 49 50 60 72 
4 49 50 60 73 
4 49 50 60 74 
4 49 50 60 75 
4 49 50 72 73 
4 49 50 72 74 
4 49 50 72 75 
4 49 50 73 74 
4 49 50 73 75 
4 49 50 74 75 
4 49 60 72 73 
4 49 60 72 74 
4 49 60 72 75 
4 49 60 73 74 
4 49 60 74 75 
2 48 81 
1 61 
1 59 
1 54 
1 76 
1 43 
1 81 
1 1 