30
89
1 9 14 19 32 53 58 59 64 67 73 80 85 94 95 97 99 111 126 131 134 143 147 156 160 166 167 171 184 192 199 203 209 210 212 220 233 235 236 239 257 259 263 267 269 275 277 283 284 285 287 288 290 293 294 295 297 300 301 302 303 304 305 306 307 308 309 310 311 312 314 315 319 320 321 322 323 324 325 326 327 328 329 330 332 333 334 335 336
63
4 9 17 43 56 58 61 70 83 94 106 119 127 132 148 152 163 167 171 172 197 200 204 205 212 213 215 228 231 235 257 258 259 267 269 277 283 284 287 288 289 294 298 300 302 303 304 305 309 311 312 319 320 321 322 323 326 327 329 330 333 334 336
76
1 3 9 27 34 48 49 57 59 70 73 82 84 88 100 104 107 108 116 127 137 149 152 155 156 164 166 178 184 190 191 200 211 215 222 224 228 230 233 249 250 253 257 258 259 267 269 277 283 284 287 288 289 294 297 298 300 302 303 304 305 309 311 312 319 320 321 322 323 326 327 329 330 333 334 336
84
2 3 11 16 25 28 33 36 42 46 47 50 67 77 81 85 88 89 93 102 106 111 115 116 123 140 143 144 146 169 170 172 173 178 181 184 190 200 212 214 217 221 227 232 239 242 250 256 257 258 259 261 267 269 277 283 284 287 288 289 294 296 297 298 300 302 303 304 305 309 311 312 319 320 321 322 323 326 327 329 330 333 334 336
79
4 15 17 24 26 40 44 50 51 60 74 76 78 81 86 102 104 108 116 117 119 122 131 137 143 147 157 159 175 177 181 184 189 192 194 200 211 218 222 223 237 238 240 242 248 257 258 261 267 269 277 283 284 287 288 289 294 296 298 300 302 303 304 305 309 311 312 319 320 321 322 323 326 327 329 330 333 334 336
74
8 12 18 27 29 33 37 41 43 57 68 69 77 78 79 99 101 114 125 128 134 145 147 152 157 166 167 178 181 184 192 200 203 204 210 213 214 216 225 228 231 237 259 261 267 269 277 283 284 287 289 294 296 297 300 302 303 304 305 309 311 312 319 320 321 322 323 326 327 329 330 333 334 336
76
5 9 10 16 22 35 39 49 51 59 61 63 74 76 90 104 105 106 110 117 120 122 137 141 145 150 166 173 175 179 181 184 188 211 214 224 230 237 238 240 252 256 257 259 261 267 269 277 283 284 287 288 289 294 296 297 300 302 303 304 305 309 311 312 319 320 321 322 323 326 327 329 330 333 334 336
76
4 7 10 20 30 34 35 45 50 56 65 67 70 81 83 94 95 112 117 121 132 137 139 154 155 159 167 168 184 194 196 197 198 208 215 217 221 230 234 246 251 256 257 259 261 267 269 277 283 284 287 288 289 294 296 297 300 302 303 304 305 309 311 312 319 320 321 322 323 326 327 329 330 333 334 336
74
1 2 19 24 25 45 46 53 55 57 68 70 79 88 94 98 101 103 120 127 135 138 144 148 153 158 165 170 178 184 192 202 207 211 213 220 230 234 240 244 253 257 259 267 269 277 283 284 287 288 289 294 296 297 300 302 303 304 305 309 311 312 319 320 321 322 323 326 327 329 330 333 334 336
72
1 9 13 23 27 34 48 49 53 64 68 76 84 86 93 97 109 114 120 122 125 129 135 158 164 166 178 180 184 197 211 215 218 221 224 231 237 243 248 257 261 267 269 277 283 284 287 288 289 294 296 297 300 302 303 304 305 309 311 312 319 320 321 322 323 326 327 329 330 333 334 336
74
10 12 21 30 38 42 51 58 64 68 76 86 93 102 107 113 117 121 126 129 137 143 155 156 161 176 178 180 184 198 203 209 216 217 238 245 250 252 257 258 259 267 268 269 277 283 284 287 288 289 294 296 297 298 300 302 303 304 305 309 311 312 319 320 321 322 323 326 327 329 330 333 334 336
68
8 20 23 27 30 45 47 50 56 63 78 80 87 92 102 103 117 126 142 143 145 148 152 157 161 177 178 192 194 210 211 216 223 226 233 250 256 259 261 267 269 277 283 284 287 294 296 297 300 302 303 304 305 309 311 312 319 320 321 322 323 326 327 329 330 333 334 336
69
3 7 21 24 26 32 37 40 46 50 68 75 76 77 107 109 110 116 123 128 135 137 139 172 173 174 175 181 184 188 198 201 207 220 228 229 235 240 256 261 267 268 269 277 283 284 287 294 296 300 302 303 304 305 309 311 312 319 320 321 322 323 326 327 329 330 333 334 336
66
3 9 25 38 40 47 49 70 72 81 84 92 110 111 119 122 124 131 132 134 166 168 169 172 192 198 201 224 226 238 242 253 254 255 259 261 267 269 277 283 284 287 289 294 296 297 300 302 303 304 305 309 311 312 319 320 321 322 323 326 327 329 330 333 334 336
74
3 7 10 20 33 36 49 52 60 63 75 78 82 84 92 93 111 118 119 125 131 155 166 175 183 184 188 190 194 196 201 208 219 221 225 234 241 244 248 254 257 259 261 267 269 277 283 284 287 288 289 294 296 297 300 302 303 304 305 309 311 312 319 320 321 322 323 326 327 329 330 333 334 336
73
2 3 15 16 24 34 38 45 50 58 61 71 87 90 92 99 106 113 117 135 139 140 143 147 160 165 167 172 180 181 203 206 210 212 216 217 228 235 246 253 257 258 259 267 269 277 283 284 287 288 294 297 298 300 302 303 304 305 309 311 312 319 320 321 322 323 326 327 329 330 333 334 336
80
2 5 11 21 27 35 38 40 56 57 75 81 82 84 87 101 107 113 115 118 121 123 133 139 142 152 156 168 178 180 183 184 189 193 199 202 208 213 218 223 228 229 242 246 251 257 258 259 261 267 269 277 283 284 287 288 289 294 296 297 300 302 303 304 305 309 311 312 319 320 321 322 323 326 327 329 330 333 334 336
76
7 11 19 25 28 37 38 48 51 66 70 76 82 90 92 100 104 118 119 126 134 135 140 145 159 167 174 181 182 184 189 202 208 215 218 223 231 234 238 242 248 257 259 261 267 269 277 283 284 287 288 289 294 296 297 298 300 302 303 304 305 309 311 312 319 320 321 322 323 326 327 329 330 333 334 336
82
4 5 12 16 22 24 35 41 47 48 50 58 67 74 87 89 90 91 95 98 108 115 118 125 129 132 135 140 150 151 156 162 167 170 174 176 184 188 202 203 204 207 219 221 223 229 239 248 258 259 261 267 268 269 277 283 284 287 289 294 296 297 300 302 303 304 305 309 311 312 319 320 321 322 323 326 327 329 330 333 334 336
76
3 12 14 28 29 41 43 52 56 57 70 74 80 83 90 102 103 105 116 121 127 130 135 148 153 159 170 171 177 184 196 205 213 218 220 226 230 240 245 246 251 257 259 261 267 269 277 283 284 287 288 289 294 296 297 298 300 302 303 304 305 309 311 312 319 320 321 322 323 326 327 329 330 333 334 336
69
6 9 12 24 38 53 56 58 78 79 89 90 96 100 106 107 115 124 143 145 157 158 161 165 184 191 193 196 210 211 212 214 232 235 236 237 257 258 267 269 277 283 284 287 288 289 294 297 298 300 302 303 304 305 309 311 312 319 320 321 322 323 326 327 329 330 333 334 336
69
3 6 9 28 34 41 42 51 71 74 83 84 87 92 97 109 118 122 127 128 134 151 167 169 172 177 181 184 191 203 215 231 252 253 254 256 257 261 267 268 269 277 283 284 287 288 289 294 296 300 302 303 304 305 309 311 312 319 320 321 322 323 326 327 329 330 333 334 336
70
2 7 19 26 27 36 45 47 56 58 61 65 87 105 106 107 108 126 132 140 149 157 159 172 176 192 196 207 208 212 214 224 229 232 234 235 239 258 259 261 267 269 277 283 284 287 294 296 297 298 300 302 303 304 305 309 311 312 319 320 321 322 323 326 327 329 330 333 334 336
68
5 11 17 29 32 33 38 48 72 78 82 88 92 112 118 119 122 135 144 145 163 164 176 183 184 193 196 215 218 222 231 240 248 253 255 257 258 259 267 269 277 283 284 287 289 294 297 298 300 302 303 304 305 309 311 312 319 320 321 322 323 326 327 329 330 333 334 336
77
14 16 22 23 25 34 38 42 51 53 59 63 67 83 85 86 95 96 98 113 119 129 130 134 138 142 143 153 155 156 164 176 182 190 207 211 213 221 229 230 237 250 253 255 257 259 261 267 269 277 283 284 287 288 294 296 297 300 302 303 304 305 309 311 312 319 320 321 322 323 326 327 329 330 333 334 336
73
3 10 14 26 28 40 46 50 55 67 69 75 87 88 96 103 105 109 112 122 134 138 140 143 151 155 158 159 161 163 191 201 203 214 219 221 235 246 250 257 258 259 261 267 269 277 283 284 287 294 296 297 298 300 302 303 304 305 309 311 312 319 320 321 322 323 326 327 329 330 333 334 336
76
4 8 16 17 19 31 46 50 54 58 62 74 79 84 86 107 108 114 116 123 131 138 142 151 155 156 159 162 169 170 184 189 200 209 213 215 223 230 233 235 238 242 257 258 259 267 268 269 277 283 284 287 288 289 294 297 300 302 303 304 305 309 311 312 319 320 321 322 323 326 327 329 330 333 334 336
70
1 3 22 27 31 32 36 51 58 72 81 86 90 93 96 98 101 102 113 126 131 135 147 155 157 171 182 189 205 216 219 223 232 238 249 250 257 259 261 267 269 277 283 284 287 288 294 296 297 298 300 302 303 304 305 309 311 312 319 320 321 322 323 326 327 329 330 333 334 336
71
2 10 22 28 37 44 47 67 84 85 90 97 98 111 112 114 125 127 136 141 148 152 157 164 168 171 184 189 196 202 213 217 220 222 233 246 247 256 258 261 267 269 277 283 284 287 288 289 294 296 298 300 302 303 304 305 309 311 312 319 320 321 322 323 326 327 329 330 333 334 336
74
3 5 16 22 26 45 51 54 58 59 70 71 79 85 89 95 106 111 129 132 138 140 146 149 152 165 175 177 181 183 184 199 205 207 216 221 225 229 238 239 245 257 258 259 267 269 277 283 284 287 288 289 294 298 300 302 303 304 305 309 311 312 319 320 321 322 323 326 327 329 330 333 334 336