336
4 21 39 49 75 
4 21 39 47 77 
4 21 39 47 82 
4 21 39 47 83 
4 21 39 47 85 
4 21 39 49 50 
4 21 39 49 60 
4 21 39 49 68 
4 21 39 49 70 
4 21 39 49 72 
4 21 39 49 73 
4 21 39 49 74 
4 21 39 47 75 
4 21 39 49 77 
4 21 39 49 82 
4 21 39 49 83 
4 21 39 49 85 
4 21 39 50 60 
4 21 39 50 68 
4 21 39 50 70 
4 21 39 50 72 
4 21 39 50 73 
4 21 39 50 74 
4 21 39 40 82 
4 21 39 40 47 
4 21 39 40 49 
4 21 39 40 50 
4 21 39 40 60 
4 21 39 40 68 
4 21 39 40 70 
4 22 23 49 73 
4 22 23 47 74 
4 22 23 47 75 
4 22 23 47 77 
4 22 23 47 82 
4 22 23 47 83 
4 22 23 47 85 
4 22 23 49 50 
4 22 23 49 60 
4 22 23 49 68 
4 22 23 49 70 
4 22 23 49 72 
4 22 23 47 73 
4 22 23 49 74 
4 22 23 49 75 
4 22 23 49 77 
4 22 23 49 82 
4 22 23 49 83 
4 22 23 49 85 
4 22 23 50 60 
4 22 23 50 68 
4 22 23 50 70 
4 22 23 50 72 
4 22 23 40 75 
4 22 23 40 47 
4 22 23 40 49 
4 22 23 40 50 
4 22 23 40 60 
4 22 23 40 68 
4 22 23 40 70 
4 15 31 74 83 
4 15 31 72 83 
4 15 31 72 85 
4 15 31 73 74 
4 15 31 73 75 
4 15 31 73 77 
4 15 31 73 82 
4 15 31 73 83 
4 15 31 73 85 
4 15 31 74 75 
4 15 31 74 77 
4 15 31 74 82 
4 15 31 72 82 
4 15 31 74 85 
4 15 31 75 77 
4 15 31 75 82 
4 15 31 75 83 
4 15 31 75 85 
4 15 31 77 82 
4 15 31 77 83 
4 15 31 77 85 
4 15 31 82 83 
4 15 31 82 85 
4 15 31 70 73 
4 15 31 60 85 
4 15 31 68 70 
4 15 31 68 72 
4 15 31 68 73 
4 15 31 68 74 
4 15 31 68 75 
4 16 32 35 75 
4 16 32 35 77 
4 16 32 35 82 
4 16 32 35 83 
4 16 32 35 85 
4 16 32 35 74 
4 16 32 40 47 
4 16 32 40 49 
4 16 32 35 40 
4 16 32 35 47 
4 16 32 35 49 
4 16 32 35 50 
4 16 32 35 60 
4 16 32 35 68 
4 16 32 35 70 
4 16 32 35 72 
4 16 32 35 73 
4 16 32 40 50 
4 16 35 40 74 
4 16 35 40 47 
4 16 35 40 49 
4 16 35 40 50 
4 16 35 40 60 
4 16 35 40 68 
4 16 35 40 70 
4 16 35 40 72 
4 16 35 40 73 
4 16 35 40 75 
4 16 35 40 77 
4 16 35 40 82 
4 29 75 77 85 
4 29 75 82 83 
4 29 75 82 85 
4 29 75 83 85 
4 29 77 82 83 
4 29 77 82 85 
4 29 77 83 85 
4 29 82 83 85 
4 29 75 77 83 
4 29 70 75 82 
4 29 70 73 75 
4 29 70 73 77 
4 29 70 73 82 
4 29 70 73 83 
4 29 70 73 85 
4 29 70 74 75 
4 29 70 74 77 
4 29 70 74 82 
4 29 70 74 83 
4 29 70 74 85 
4 29 70 75 77 
4 29 70 73 74 
4 29 70 75 83 
4 29 70 75 85 
4 29 70 77 82 
4 29 70 77 83 
4 29 70 77 85 
4 29 70 82 83 
4 29 70 82 85 
4 29 72 73 74 
4 32 35 75 77 
4 32 35 75 82 
4 32 35 75 83 
4 27 49 68 82 
4 27 47 75 85 
4 27 47 77 82 
4 27 47 77 83 
4 27 47 77 85 
4 27 47 82 83 
4 27 47 82 85 
4 27 47 83 85 
4 27 50 60 77 
4 27 50 60 68 
4 27 50 60 72 
4 27 50 60 73 
4 27 50 60 74 
4 27 50 60 75 
4 27 50 60 83 
4 27 50 60 85 
4 27 50 68 72 
4 27 50 68 73 
4 27 50 68 74 
4 27 50 68 77 
4 27 47 60 68 
4 27 47 50 60 
4 27 47 60 72 
4 27 47 60 73 
4 27 47 60 74 
4 27 47 60 77 
4 27 32 68 85 
4 27 32 72 73 
4 27 32 72 74 
4 27 32 68 83 
4 28 34 36 37 
4 28 34 36 86 
4 28 34 37 86 
4 28 36 37 86 
4 60 73 83 85 
4 60 72 74 83 
4 60 68 73 74 
4 60 68 72 73 
4 60 68 72 74 
4 60 72 73 74 
4 68 72 73 74 
4 34 36 37 86 
4 32 68 72 74 
4 32 60 68 72 
4 24 32 68 72 
4 25 26 68 72 
4 25 26 32 72 
4 24 26 32 72 
4 24 25 26 72 
4 1 2 3 12 
4 2 24 26 72 
4 2 24 25 72 
4 2 24 25 26 
4 2 12 25 26 
4 2 12 24 25 
4 2 12 24 26 
4 2 8 12 24 
4 2 8 12 25 
4 2 8 12 26 
4 2 8 25 26 
4 2 8 24 25 
4 2 8 24 26 
4 3 8 25 26 
4 3 8 24 25 
4 3 8 24 26 
4 3 8 12 26 
4 3 8 12 24 
4 3 8 12 25 
4 3 12 24 26 
4 3 12 24 25 
4 3 12 25 26 
4 1 12 24 26 
4 1 12 25 26 
4 1 12 24 25 
4 1 3 8 12 
4 1 3 8 24 
4 1 3 12 24 
4 1 3 12 25 
4 1 3 12 26 
4 1 3 8 25 
4 1 3 8 26 
4 1 3 24 25 
4 1 3 25 26 
4 1 3 24 26 
4 1 2 8 12 
4 1 2 8 24 
4 1 2 8 25 
4 1 2 8 26 
4 1 2 3 8 
4 1 2 3 24 
4 1 2 3 25 
4 1 2 3 26 
4 1 2 12 26 
4 1 2 12 24 
4 1 2 12 25 
4 1 2 24 25 
4 1 2 24 26 
4 1 2 25 26 
4 1 8 24 25 
4 1 8 24 26 
4 2 3 24 25 
4 2 3 12 25 
4 2 3 12 26 
4 10 34 36 37 
4 10 28 34 36 
4 10 28 34 37 
4 10 28 34 86 
4 10 28 36 37 
4 10 28 36 86 
4 10 28 37 86 
4 10 34 36 86 
4 10 34 37 86 
4 10 36 37 86 
4 14 42 48 81 
4 8 12 25 26 
3 66 67 79 
3 28 36 86 
3 28 34 86 
3 28 37 86 
3 36 37 86 
3 14 42 81 
3 14 48 81 
3 42 48 81 
3 30 38 78 
3 34 37 86 
3 10 28 86 
3 10 34 86 
3 10 36 86 
3 10 37 86 
3 11 13 76 
3 33 57 58 
3 34 36 86 
2 14 81 
2 51 52 
2 28 86 
2 10 86 
2 11 76 
2 30 78 
2 48 81 
2 57 58 
2 55 56 
2 33 58 
2 34 86 
2 36 86 
2 37 86 
2 38 78 
2 44 45 
2 42 81 
2 62 63
2 7 71 
2 6 19 
2 18 61 
2 13 76 
2 67 79 
2 66 79 
2 4 17 
1 71 
1 46 
1 84 
1 76 
1 45 
1 78 
1 81 
1 79 
1 86 
1 80 
1 9 
1 5 
1 69 
1 20 
1 19 
1 17 
1 65 
1 64 
1 61 
1 43 
1 59 
1 58 
1 56 
1 54 
1 53 
1 52 
1 41 