30
46
9 51 69 120 129 177 182 203 216 252 265 267 269 270 277 283 287 293 294 295 300 302 303 304 305 309 311 312 316 319 320 321 322 323 324 325 326 327 328 329 330 332 333 334 335 336
53
3 17 37 51 66 71 113 115 122 143 165 192 201 213 225 255 257 261 267 269 277 283 284 287 288 291 294 299 300 302 303 304 305 307 308 309 310 311 312 313 314 319 320 321 322 323 326 327 329 330 333 334 336
48
8 36 57 73 78 101 108 137 142 144 153 156 176 210 230 236 241 259 261 267 269 277 283 284 287 294 296 297 300 302 303 304 305 309 311 312 319 320 321 322 323 326 327 329 330 333 334 336
45
26 29 34 46 70 89 93 95 133 164 188 205 221 225 242 257 267 269 277 283 284 287 288 294 296 300 302 303 304 305 309 311 312 319 320 321 322 323 326 327 329 330 333 334 336
47
16 27 33 46 73 95 117 132 143 160 168 172 196 211 218 223 241 259 267 269 277 283 284 287 288 294 297 300 302 303 304 305 309 311 312 319 320 321 322 323 326 327 329 330 333 334 336
44
9 16 55 61 79 85 104 114 131 166 201 214 231 246 257 267 269 277 283 284 287 288 294 297 300 302 303 304 305 309 311 312 319 320 321 322 323 326 327 329 330 333 334 336
45
8 24 43 53 83 91 125 141 169 179 193 210 218 231 259 261 267 269 277 283 284 287 294 296 297 300 302 303 304 305 309 311 312 319 320 321 322 323 326 327 329 330 333 334 336
44
25 40 53 75 77 94 95 135 142 154 164 236 243 259 261 267 268 269 277 283 284 287 294 297 300 302 303 304 305 309 311 312 319 320 321 322 323 326 327 329 330 333 334 336
41
5 47 65 97 110 137 170 189 212 237 244 257 267 269 277 283 284 287 288 294 296 300 302 303 304 305 309 311 312 319 320 321 322 323 326 327 329 330 333 334 336
41
14 16 58 62 88 102 140 141 160 184 214 225 255 267 269 277 283 284 287 289 294 300 302 303 304 305 309 311 312 319 320 321 322 323 326 327 329 330 333 334 336
43
12 55 73 91 126 134 152 171 172 179 217 241 255 261 267 269 277 283 284 287 289 294 296 300 302 303 304 305 309 311 312 319 320 321 322 323 326 327 329 330 333 334 336
44
8 23 49 52 62 84 99 118 145 161 184 197 210 236 253 257 267 269 277 283 284 287 289 294 300 302 303 304 305 309 311 312 319 320 321 322 323 326 327 329 330 333 334 336
50
13 29 31 57 63 70 101 110 123 125 137 165 180 189 190 219 223 246 249 257 259 267 269 277 283 284 287 288 294 297 300 302 303 304 305 309 311 312 319 320 321 322 323 326 327 329 330 333 334 336
46
5 11 52 60 79 82 100 136 151 168 191 204 211 234 235 258 259 267 269 277 283 284 287 288 294 298 300 302 303 304 305 309 311 312 319 320 321 322 323 326 327 329 330 333 334 336
41
11 33 74 94 120 132 154 162 202 212 228 261 267 269 277 283 284 287 294 296 297 300 302 303 304 305 309 311 312 319 320 321 322 323 326 327 329 330 333 334 336
44
11 23 36 63 85 98 118 143 156 163 184 196 209 228 254 261 267 269 277 283 284 287 289 294 300 302 303 304 305 309 311 312 319 320 321 322 323 326 327 329 330 333 334 336
41
3 41 54 87 96 125 150 169 219 227 240 259 267 269 277 283 284 287 294 296 297 300 302 303 304 305 309 311 312 319 320 321 322 323 326 327 329 330 333 334 336
46
5 21 34 48 66 88 111 115 123 142 167 183 219 240 253 254 257 261 267 269 277 283 284 287 288 294 300 302 303 304 305 309 311 312 319 320 321 322 323 326 327 329 330 333 334 336
44
12 24 33 49 71 81 97 103 148 170 191 213 237 248 258 267 269 277 283 284 287 294 296 298 300 302 303 304 305 309 311 312 319 320 321 322 323 326 327 329 330 333 334 336
41
30 42 90 95 134 145 153 166 175 184 210 216 230 267 269 277 283 284 287 289 294 300 302 303 304 305 309 311 312 319 320 321 322 323 326 327 329 330 333 334 336
47
2 18 40 53 67 76 96 116 132 143 161 180 220 224 247 251 258 261 267 269 277 283 284 287 289 294 298 300 302 303 304 305 309 311 312 319 320 321 322 323 326 327 329 330 333 334 336
47
4 7 40 54 64 81 108 111 123 148 166 193 205 209 234 244 258 259 267 269 277 283 284 287 294 296 297 300 302 303 304 305 309 311 312 319 320 321 322 323 326 327 329 330 333 334 336
47
13 18 35 40 62 68 104 109 121 149 173 179 181 222 229 240 261 267 268 269 277 283 284 287 294 296 298 300 302 303 304 305 309 311 312 319 320 321 322 323 326 327 329 330 333 334 336
42
9 35 55 65 109 111 140 162 183 200 219 247 259 267 269 277 283 284 287 294 296 297 300 302 303 304 305 309 311 312 319 320 321 322 323 326 327 329 330 333 334 336
45
2 15 57 69 85 118 138 142 153 173 197 205 210 236 242 257 258 267 269 277 283 284 287 294 298 300 302 303 304 305 309 311 312 319 320 321 322 323 326 327 329 330 333 334 336
46
2 16 47 56 65 87 94 122 135 158 166 196 209 221 225 233 258 267 269 277 283 284 287 288 294 298 300 302 303 304 305 309 311 312 319 320 321 322 323 326 327 329 330 333 334 336
49
9 21 52 54 69 85 96 102 113 143 154 156 157 184 194 212 213 229 235 261 267 269 277 283 284 287 289 294 298 300 302 303 304 305 309 311 312 319 320 321 322 323 326 327 329 330 333 334 336
39
1 35 87 97 103 127 132 166 206 228 261 267 269 277 283 284 287 294 296 300 302 303 304 305 309 311 312 319 320 321 322 323 326 327 329 330 333 334 336
44
11 25 39 60 73 90 102 124 148 162 184 190 223 246 253 258 267 269 277 283 284 287 289 294 300 302 303 304 305 309 311 312 319 320 321 322 323 326 327 329 330 333 334 336
45
10 43 50 76 112 127 140 151 154 196 202 210 216 244 259 261 267 269 277 283 284 287 294 296 298 300 302 303 304 305 309 311 312 319 320 321 322 323 326 327 329 330 333 334 336