23
42 1 2 3 8 12 15 16 21 22 23 24 25 26 27 29 31 32 35 39 40 47 49 50 60 68 70 72 73 62 63 75 74 77 82 83 85 143 66 67 79 142 145 
2 4 17 
30 5 151 139 137 125 33 57 58 124 127 128 86 10 28 34 36 37 138 140 69 141 152 54 129 130 131 155 153 154 84 
17 6 19 118 119 120 122 30 38 78 121 59 132 134 135 136 133 123 
2 7 71 
4 9 106 107 108 
6 11 13 76 112 113 114 
7 14 42 48 81 94 95 96 
7 18 61 146 147 148 149 150 
4 20 109 110 111 
1 41 
1 43 
5 44 45 91 92 93 
4 46 99 97 98 
2 51 52 
4 53 103 104 105 
2 55 56 
4 64 100 101 102 
4 65 87 88 89 
4 80 115 116 117 
1 90 
1 126 
1 144 
