984
6 1 2 8 15 29 77 
6 1 2 8 15 31 77 
6 1 2 8 12 15 29 
6 1 2 8 15 21 85 
6 1 2 8 15 23 24 
6 1 2 8 15 24 31 
6 1 2 8 15 77 83 
6 1 2 8 15 29 31 
6 1 2 8 15 23 77 
6 1 2 8 15 31 85 
6 1 2 8 12 15 85 
6 1 2 8 15 21 83 
6 1 2 8 12 15 83 
6 1 2 8 15 31 83 
6 1 2 8 15 21 31 
6 1 2 8 12 15 24 
6 1 2 8 15 21 29 
6 1 2 8 15 24 85 
6 1 2 8 15 29 83 
6 1 2 8 12 15 77 
6 1 2 8 15 24 83 
6 1 2 8 15 29 85 
6 1 2 8 12 15 21 
6 1 2 8 15 21 23 
6 1 2 8 15 21 24 
6 1 2 8 12 15 31 
6 1 2 8 15 23 85 
6 1 2 8 15 77 85 
6 1 2 8 15 83 85 
6 1 2 8 15 24 77 
6 1 2 8 12 15 23 
6 1 2 8 15 21 77 
6 1 2 8 15 23 29 
6 1 2 8 15 24 29 
6 1 2 8 15 23 31 
6 1 2 8 15 23 83 
6 1 8 12 15 23 83 
6 1 8 12 15 29 77 
6 1 8 15 21 29 85 
6 1 8 15 21 29 83 
6 1 8 15 24 83 85 
6 1 8 12 15 21 83 
6 1 8 15 21 29 77 
6 1 8 15 77 83 85 
6 1 8 12 15 21 85 
6 1 8 15 21 29 31 
6 1 8 15 24 31 77 
6 1 8 15 24 31 83 
6 1 8 12 15 24 77 
6 1 8 15 23 29 77 
6 2 21 23 29 31 77 
6 2 23 31 77 83 85 
6 2 21 23 29 31 83 
6 2 21 23 29 31 85 
6 2 21 23 24 31 83 
6 2 21 23 24 31 77 
6 2 12 21 29 83 85 
6 2 12 21 29 77 85 
6 2 12 21 29 77 83 
6 2 21 23 24 31 85 
6 2 23 24 29 31 77 
6 2 23 24 29 31 83 
6 2 23 24 29 31 85 
6 2 12 21 29 31 85 
6 21 24 29 31 83 85 
6 21 23 29 77 83 85 
6 21 24 29 31 77 83 
6 21 24 29 31 77 85 
6 12 23 24 29 31 77 
6 12 23 24 29 31 83 
6 12 23 24 29 31 85 
6 24 29 31 77 83 85 
6 12 23 29 31 77 83 
6 12 23 29 31 77 85 
6 12 23 29 31 83 85 
6 12 21 24 29 77 83 
6 12 21 24 29 83 85 
6 12 21 24 29 77 85 
6 21 24 29 77 83 85 
6 21 23 24 31 83 85 
6 21 23 24 31 77 83 
6 21 23 24 31 77 85 
6 12 21 24 29 31 83 
6 12 21 24 29 31 77 
6 12 24 29 77 83 85 
6 23 24 31 77 83 85 
6 12 23 31 77 83 85 
6 12 21 24 29 31 85 
6 12 21 23 24 77 85 
6 23 24 29 31 77 83 
6 12 21 24 77 83 85 
6 23 24 29 31 77 85 
6 21 23 24 29 77 85 
6 21 23 24 29 77 83 
6 21 29 31 77 83 85 
6 12 21 23 24 77 83 
6 23 24 29 31 83 85 
6 21 23 24 29 83 85 
6 12 21 23 31 77 83 
6 12 21 23 31 77 85 
6 12 21 23 31 83 85 
6 12 21 23 77 83 85 
6 12 23 24 31 77 83 
6 12 23 24 31 77 85 
6 12 23 24 31 83 85 
6 12 21 23 24 83 85 
6 12 23 25 77 83 85 
6 12 16 23 25 82 85 
6 3 12 16 25 47 82 
6 3 12 16 25 35 82 
6 3 12 16 25 26 82 
6 12 16 25 26 35 82 
6 12 16 25 26 47 82 
6 12 16 25 35 47 82 
6 16 25 26 35 47 82 
6 3 16 25 26 35 82 
6 3 16 25 26 47 82 
6 3 16 25 35 47 82 
6 16 25 35 47 70 82 
6 3 16 25 47 68 82 
6 3 16 25 26 35 47 
6 16 25 35 47 68 82 
6 16 25 26 47 70 82 
6 16 25 26 47 68 82 
6 16 25 26 35 70 82 
6 16 25 26 35 68 82 
6 3 16 25 35 68 82 
6 3 16 25 26 70 82 
6 3 16 25 35 70 82 
6 3 16 25 47 70 82 
6 3 16 25 26 68 82 
6 3 16 25 35 39 82 
6 16 25 35 39 47 82 
6 3 16 25 39 47 82 
6 16 25 26 35 39 82 
6 16 25 26 39 47 82 
6 3 16 25 26 39 82 
6 3 16 22 25 26 82 
6 16 22 25 26 35 82 
6 3 25 26 35 47 82 
6 16 25 26 68 70 82 
6 3 16 26 35 47 82 
6 3 16 25 68 70 82 
6 16 22 25 35 47 82 
6 3 16 22 25 47 82 
6 3 16 25 26 47 68 
6 3 16 25 26 47 70 
6 3 16 22 25 35 82 
6 16 25 47 68 70 82 
6 3 16 25 26 35 68 
6 16 25 26 35 47 68 
6 16 25 26 35 47 70 
6 3 16 25 26 35 70 
6 3 16 25 35 47 68 
6 16 25 35 68 70 82 
6 3 16 25 35 47 70 
6 16 22 25 26 47 82 
6 3 16 26 47 68 82 
6 3 26 35 47 70 82 
6 3 26 35 47 68 82 
4 65 87 88 89 
6 3 26 35 39 47 82 
6 3 26 35 47 82 143 
6 26 35 47 68 70 82 
6 3 35 47 68 70 82 
6 3 26 47 68 70 82 
6 3 26 35 68 70 82 
6 125 33 58 124 127 128 
5 44 45 91 92 93 
6 125 33 57 58 127 128 
6 125 33 57 58 124 128 
6 125 33 57 58 124 127 
6 33 57 58 124 127 128 
6 3 26 35 47 68 70 
4 45 91 92 93 
6 11 13 76 112 113 114 
6 3 26 35 39 47 70 
6 3 26 35 39 47 68 
6 3 26 35 47 68 143 
6 3 26 35 47 70 143 
5 125 33 58 124 127 
5 125 33 58 124 128 
5 33 58 124 127 128 
5 125 33 58 127 128 
5 11 13 112 113 114 
5 33 57 58 124 127 
5 33 57 58 124 128 
5 33 57 58 127 128 
5 125 33 57 58 124 
5 125 33 57 58 127 
5 125 33 57 58 128 
6 3 22 26 35 47 68 
6 3 22 26 35 47 70 
6 3 26 27 35 47 68 
6 3 26 27 35 47 70 
6 3 35 39 47 68 70 
6 26 35 39 47 68 70 
6 3 22 26 35 39 47 
6 3 26 35 39 68 70 
6 3 26 39 47 68 70 
6 3 35 47 68 70 143 
4 33 58 124 128 
4 33 58 127 128 
4 125 33 58 124 
4 125 33 58 127 
4 125 33 58 128 
4 33 58 124 127 
5 11 13 76 113 114 
5 11 13 76 112 114 
5 11 13 76 112 113 
3 65 87 88 
3 65 87 89 
3 65 88 89 
4 125 33 57 58 
4 33 57 58 124 
4 33 57 58 127 
4 33 57 58 128 
5 6 19 118 119 120 
6 125 33 57 124 127 128 
4 11 13 112 113 
4 11 13 112 114 
4 11 13 113 114 
6 86 10 28 34 36 37 
3 33 58 124 
3 125 33 58 
3 33 58 127 
3 33 58 128 
6 22 26 35 39 68 70 
5 125 33 124 127 128 
6 143 66 67 79 142 145 
3 33 57 58 
4 44 91 92 93 
4 11 13 76 112 
4 11 13 76 114 
4 11 13 76 113 
5 125 33 57 124 127 
5 33 57 124 127 128 
5 125 33 57 124 128 
5 125 33 57 127 128 
5 143 67 79 142 145 
3 91 92 93 
2 33 58 
5 86 10 28 34 37 
3 11 13 113 
3 11 13 114 
3 11 13 112 
4 125 33 127 128 
4 125 33 124 128 
4 33 124 127 128 
4 125 33 124 127 
4 125 33 57 128 
4 33 57 124 127 
4 33 57 124 128 
4 33 57 127 128 
4 125 33 57 124 
4 125 33 57 127 
3 11 13 76 
4 44 45 91 92 
4 44 45 91 93 
4 44 45 92 93 
5 10 28 34 36 37 
5 86 10 28 36 37 
3 125 33 128 
3 33 127 128 
3 33 124 127 
5 143 66 67 79 142 
5 143 66 67 79 145 
5 66 67 79 142 145 
2 65 88 
3 45 91 92 
2 11 13 
3 45 92 93 
2 65 87 
2 65 89 
3 45 91 93 
4 6 19 119 120 
4 6 19 118 119 
4 6 19 118 120 
4 19 118 119 120 
4 6 118 119 120 
5 13 76 112 113 114 
6 14 42 48 94 95 96 
6 14 42 81 94 95 96 
5 86 28 34 36 37 
5 86 10 34 36 37 
5 86 10 28 34 36 
4 30 38 78 121 
4 122 30 38 78 
4 143 67 79 142 
4 143 67 79 145 
4 67 79 142 145 
6 14 42 48 81 95 96 
6 14 42 48 81 94 95 
6 14 42 48 81 94 96 
4 13 112 113 114 
4 86 10 28 37 
2 7 71 
5 14 42 94 95 96 
4 10 28 34 37 
5 143 66 67 142 145 
5 14 42 48 95 96 
5 14 42 48 94 95 
5 14 42 48 94 96 
5 14 42 81 94 95 
5 14 42 81 94 96 
5 14 42 81 95 96 
4 6 19 118 122 
5 14 42 48 81 95 
5 14 42 48 81 96 
5 14 42 48 81 94 
4 13 76 113 114 
4 13 76 112 113 
4 13 76 112 114 
4 143 67 142 145 
4 86 10 34 37 
6 22 27 39 40 68 70 
4 14 42 95 96 
4 14 42 94 95 
4 14 42 94 96 
4 86 28 34 37 
4 86 10 28 34 
6 22 27 32 39 68 70 
5 152 54 129 130 131 
4 9 106 107 108 
4 14 42 48 95 
4 14 42 48 94 
4 14 42 48 96 
6 22 32 39 40 68 70 
4 14 42 81 95 
4 14 42 81 94 
4 14 42 81 96 
3 13 112 113 
3 13 112 114 
3 13 113 114 
4 10 28 36 37 
6 27 32 39 40 68 70 
4 143 66 67 79 
4 66 67 79 145 
4 66 67 79 142 
6 22 27 39 68 70 74 
6 22 27 39 68 70 75 
6 22 27 39 68 70 73 
6 22 27 39 68 70 72 
6 22 27 39 60 68 70 
4 14 42 48 81 
6 22 27 39 49 68 70 
6 22 27 39 50 68 70 
4 152 129 130 131 
3 14 42 94 
3 14 42 95 
3 14 42 96 
3 30 38 78 
6 22 32 39 49 68 70 
6 22 32 39 68 70 72 
6 22 32 39 68 70 73 
6 22 32 39 68 70 75 
6 22 32 39 68 70 74 
6 22 39 40 60 68 70 
6 22 39 40 68 70 74 
6 22 39 40 50 68 70 
5 143 66 79 142 145 
3 14 42 48 
4 54 129 130 131 
3 44 92 93 
3 44 91 92 
3 44 91 93 
3 67 79 145 
3 67 79 142 
3 143 67 79 
3 14 42 81 
4 86 28 36 37 
3 13 76 113 
3 13 76 114 
4 10 28 34 36 
3 13 76 112 
4 86 10 28 36 
4 10 34 36 37 
4 86 10 36 37 
4 28 34 36 37 
3 5 151 152 
3 5 152 155 
3 38 78 121 
3 5 155 153 
3 122 38 78 
6 22 27 32 39 40 70 
6 14 48 81 94 95 96 
4 143 66 67 145 
4 66 67 142 145 
4 143 66 67 142 
4 143 79 142 145 
2 92 93 
2 91 92 
3 129 130 131 
3 10 28 37 
2 91 93 
2 14 42 
3 87 88 89 
1 65 
1 7 
3 6 19 119 
3 6 19 120 
3 6 19 118 
3 6 118 119 
3 6 119 120 
3 6 118 120 
3 19 119 120 
3 19 118 119 
3 19 118 120 
3 9 106 107 
3 9 106 108 
3 9 107 108 
5 11 76 112 113 114 
3 118 119 120 
2 13 114 
2 13 113 
2 13 112 
5 14 48 94 95 96 
5 14 81 94 95 96 
4 86 34 36 37 
4 86 10 34 36 
4 86 28 34 36 
3 122 30 78 
3 30 78 121 
3 143 67 142 
3 143 67 145 
3 67 142 145 
5 14 48 81 94 96 
5 14 48 81 95 96 
5 14 48 81 94 95 
2 5 152 
2 5 155 
2 5 153 
2 5 151 
4 64 100 101 102 
4 11 112 113 114 
3 140 69 141 
4 20 109 110 111 
3 86 10 28 
3 86 10 37 
3 10 34 37 
3 28 34 37 
3 86 28 37 
3 10 28 34 
4 14 94 95 96 
3 44 45 92 
3 44 45 93 
2 13 76 
3 44 45 91 
4 14 48 94 95 
3 66 67 79 
4 14 48 94 96 
4 14 48 95 96 
3 139 137 138 
3 139 140 141 
4 14 81 94 96 
4 14 81 95 96 
4 14 81 94 95 
3 6 19 122 
3 19 118 122 
3 6 118 122 
4 14 48 81 96 
4 14 48 81 94 
4 14 48 81 95 
4 11 76 112 113 
4 11 76 112 114 
4 11 76 113 114 
6 22 27 32 39 40 60 
6 22 27 32 39 40 74 
6 22 27 32 39 40 50 
6 22 27 32 39 40 72 
6 22 27 32 39 40 49 
6 22 27 32 39 40 75 
6 22 27 32 39 40 73 
4 143 66 79 142 
4 143 66 79 145 
4 66 79 142 145 
2 4 17 
2 67 79 
3 14 95 96 
2 45 93 
2 38 78 
2 45 92 
3 86 28 34 
3 14 94 96 
1 5 
3 86 10 34 
3 86 34 37 
1 13 
3 14 94 95 
2 45 91 
2 9 106 
2 9 107 
2 9 108 
4 152 54 130 131 
4 152 54 129 130 
4 152 54 129 131 
6 125 57 58 124 127 128 
3 11 112 114 
3 11 112 113 
3 11 113 114 
6 22 27 32 39 73 74 
6 22 27 32 39 73 75 
6 22 27 32 39 75 74 
6 22 27 39 40 50 60 
6 22 27 39 40 50 72 
3 28 36 37 
6 22 27 39 40 49 74 
6 22 27 39 40 75 74 
6 22 27 39 40 49 75 
3 10 36 37 
3 10 28 36 
3 143 66 67 
3 66 67 142 
3 66 67 145 
3 30 38 121 
3 122 30 38 
3 143 79 142 
3 143 79 145 
3 79 142 145 
3 152 129 130 
3 152 130 131 
3 152 129 131 
2 30 78 
4 53 103 104 105 
5 125 58 124 127 128 
3 64 100 102 
3 64 101 102 
3 64 100 101 
4 143 66 142 145 
3 54 130 131 
3 54 129 131 
3 54 129 130 
2 67 145 
2 67 142 
2 143 67 
3 86 36 37 
3 11 76 113 
3 10 34 36 
3 11 76 112 
3 86 10 36 
3 28 34 36 
3 11 76 114 
3 86 28 36 
3 34 36 37 
2 122 78 
2 78 121 
3 20 109 110 
3 20 109 111 
3 20 110 111 
6 42 48 81 94 95 96 
5 57 58 124 127 128 
3 151 139 140 
5 125 57 58 124 127 
5 125 57 58 124 128 
5 125 57 58 127 128 
6 22 27 32 40 60 75 
6 22 27 32 40 60 73 
6 22 27 32 40 60 74 
6 22 27 32 40 72 73 
6 22 27 32 40 72 75 
6 22 27 32 40 75 74 
3 109 110 111 
3 143 142 145 
2 88 89 
2 87 89 
2 10 28 
2 130 131 
3 53 103 105 
2 10 37 
1 9 
3 53 104 105 
2 129 130 
2 28 37 
2 87 88 
2 6 19 
3 53 103 104 
2 129 131 
5 27 73 62 63 75 
2 19 119 
2 19 120 
2 6 118 
2 6 119 
2 6 120 
2 19 118 
2 119 120 
2 118 120 
2 118 119 
3 30 121 123 
2 11 112 
2 11 113 
2 11 114 
5 42 48 94 95 96 
6 32 40 49 73 74 143 
6 32 40 60 73 74 143 
6 32 40 50 73 74 143 
6 32 40 50 60 73 143 
6 32 40 49 50 73 143 
6 32 40 49 50 74 143 
6 32 40 49 60 74 143 
6 32 40 50 60 74 143 
6 32 40 49 50 60 143 
6 32 40 49 60 73 143 
4 58 124 127 128 
4 125 58 127 128 
4 125 58 124 128 
4 125 58 124 127 
5 42 81 94 95 96 
2 140 69 
2 69 141 
3 86 34 36 
3 143 66 79 
3 66 79 142 
3 66 79 145 
5 42 48 81 94 96 
5 42 48 81 94 95 
5 42 48 81 95 96 
4 27 73 62 63 
4 27 62 63 75 
4 27 73 63 75 
3 100 101 102 
4 125 57 58 128 
4 125 57 58 127 
4 125 57 58 124 
2 137 138 
2 139 141 
2 139 140 
2 139 137 
2 139 138 
4 57 58 124 127 
4 57 58 124 128 
4 57 58 127 128 
2 140 141 
2 86 10 
2 30 38 
2 53 105 
2 10 34 
2 53 103 
2 86 28 
2 86 37 
4 42 94 95 96 
2 34 37 
2 28 34 
4 80 115 116 117 
2 53 104 
6 32 50 60 73 74 143 
6 40 49 50 60 73 143 
6 40 49 50 60 74 143 
6 40 50 60 73 74 143 
6 32 49 50 60 73 143 
6 40 49 60 73 74 143 
6 32 49 50 60 74 143 
6 32 49 50 73 74 143 
6 40 49 50 73 74 143 
6 32 49 60 73 74 143 
5 32 40 60 74 143 
6 27 32 40 50 73 74 
6 27 32 40 50 72 74 
6 27 32 40 49 72 73 
6 27 32 40 50 73 75 
6 27 32 40 50 72 73 
6 27 32 40 49 60 75 
6 27 32 40 50 60 75 
6 27 32 40 49 60 74 
6 27 32 40 50 60 74 
4 42 48 95 96 
4 42 48 94 96 
4 42 48 94 95 
2 11 76 
2 66 67 
2 44 91 
2 44 92 
2 44 93 
2 79 145 
2 79 142 
4 42 81 95 96 
4 42 81 94 95 
4 42 81 94 96 
3 27 62 63 
3 27 63 75 
3 27 73 63 
3 125 58 127 
3 58 127 128 
3 125 58 128 
2 38 121 
2 64 102 
2 19 122 
2 122 38 
2 64 100 
2 6 122 
2 64 101 
2 118 122 
4 42 48 81 96 
4 42 48 81 95 
4 42 48 81 94 
4 73 62 63 75 
3 66 142 145 
3 80 115 116 
1 11 
2 86 34 
3 99 97 98 
1 91 
3 42 94 95 
3 42 94 96 
3 42 95 96 
1 67 
1 53 
1 4 
3 80 116 117 
1 92 
3 80 115 117 
2 46 99 
1 78 
1 93 
3 152 54 131 
3 152 54 130 
3 152 54 129 
4 76 112 113 114 
3 106 107 108 
2 20 109 
2 20 110 
2 20 111 
5 125 57 124 127 128 
2 10 36 
3 62 63 75 
3 73 62 63 
2 36 37 
3 73 63 75 
2 28 36 
2 122 30 
2 30 121 
2 30 123 
2 109 110 
2 142 145 
2 110 111 
2 109 111 
4 18 61 147 148 
2 154 84 
2 152 131 
2 152 129 
2 152 130 
3 112 113 114 
3 121 59 136 
2 80 116 
2 80 117 
2 80 115 
2 101 102 
2 100 102 
4 125 124 127 128 
2 121 123 
2 100 101 
2 137 125 
2 151 140 
2 151 139 
2 51 52 
2 54 129 
2 63 75 
2 62 63 
2 54 131 
2 54 130 
2 66 79 
2 55 56 
2 44 45 
2 73 63 
3 18 147 148 
3 18 61 146 
3 18 61 147 
3 18 61 148 
2 86 36 
2 34 36 
2 121 136 
4 125 57 124 127 
6 49 50 72 73 75 74 
6 49 50 60 72 75 74 
6 49 50 60 72 73 74 
6 49 50 60 73 75 74 
6 49 50 60 72 73 75 
6 49 60 72 73 75 74 
4 125 57 124 128 
6 50 60 72 73 75 74 
4 57 124 127 128 
5 48 81 94 95 96 
4 125 57 127 128 
2 125 86 
3 76 112 113 
3 76 113 114 
3 76 112 114 
1 38 
1 41 
2 132 134 
1 64 
2 134 135 
1 87 
2 135 136 
1 28 
1 52 
1 17 
1 79 
1 56 
1 6 
1 45 
1 10 
1 84 
1 19 
1 131 
1 130 
1 129 
1 69 
1 89 
1 37 
1 46 
2 99 97 
2 99 98 
1 63 
2 97 98 
1 88 
1 80 
1 90 
1 118 
1 119 
1 120 
2 107 108 
2 106 107 
2 106 108 
2 18 146 
2 18 147 
2 18 148 
4 48 94 95 96 
2 18 61 
4 81 94 95 96 
5 49 50 60 72 74 
5 49 60 72 73 75 
5 49 60 72 73 74 
5 49 50 60 72 75 
5 49 60 73 75 74 
3 125 124 127 
3 125 124 128 
5 49 60 72 75 74 
3 125 127 128 
5 49 50 60 72 73 
5 50 72 73 75 74 
3 124 127 128 
5 49 50 60 75 74 
3 155 153 154 
5 50 60 73 75 74 
5 50 60 72 75 74 
5 50 60 72 73 74 
5 50 60 72 73 75 
5 49 72 73 75 74 
5 60 72 73 75 74 
5 49 50 60 73 74 
5 49 50 72 75 74 
1 140 
1 141 
1 138 
1 139 
1 137 
2 113 114 
2 112 114 
2 112 113 
2 66 145 
2 66 142 
4 48 81 95 96 
4 48 81 94 96 
4 48 81 94 95 
3 57 124 127 
3 57 124 128 
2 121 59 
3 115 116 117 
3 94 95 96 
1 20 
1 71 
1 18 
1 86 
1 34 
3 103 104 105 
1 30 
4 49 50 60 75 
4 49 50 60 72 
4 50 60 72 75 
4 50 60 72 74 
4 50 72 75 74 
4 49 50 72 75 
3 48 94 95 
3 48 94 96 
3 48 95 96 
2 59 133 
2 59 136 
2 59 132 
1 109 
1 110 
1 111 
1 144 
1 142 
1 145 
3 81 95 96 
2 76 114 
2 76 113 
2 76 112 
1 122 
1 123 
3 147 148 149 
2 153 154 
2 152 155 
1 121 
2 155 153 
2 155 154 
1 100 
1 101 
1 102 
2 151 152 
3 48 81 94 
3 61 147 148 
3 49 50 72 
3 49 50 75 
3 49 72 75 
1 133 
1 134 
1 132 
2 103 105 
2 103 104 
2 104 105 
1 135 
1 98 
1 97 
1 99 
2 115 116 
2 115 117 
2 116 117 
1 136 
1 107 
1 106 
1 108 
2 57 124 
2 152 54 
1 112 
1 113 
1 114 
2 149 150 
2 148 149 
2 147 149 
2 147 148 
2 61 148 
2 61 146 
2 61 147 
2 49 75 
2 49 72 
2 62 75 
1 36 
2 72 75 
2 48 81 
1 124 
1 126 
1 152 
1 155 
1 153 
1 154 
1 151 
1 116 
1 103 
1 104 
1 105 
1 117 
1 115 
1 147 
1 148 
1 149 
1 146 
1 150 
1 48 
1 57 
1 72 
1 44 
1 54 
1 55 
1 62 
1 75 
1 61 
1 59 
1 66 
1 49 
1 76 
1 43 
1 51 
1 81 
